0,268
0,267
0,266
0,265
0,264
0,263
0,262
0,261
0,260
0,259
0,258
0,257
0,256
0,255
0,254
0,253
0,252
0,251
0,250
0,249
0,248
0,247
0,246
0,245
0,244
0,242
0,241
0,240
0,239
0,238
0,237
0,236
0,235
0,234
0,233
0,232
0,231
0,230
0,229
0,228
0,227
0,226
0,225
0,224
0,223
0,222
0,221
0,220
0,219
0,218
0,217
0,216
0,215
0,214
0,213
0,212
0,211
0,210
0,209
0,208
0,207
0,206
0,205
0,204
0,203
0,202
0,201
0,200
0,199
0,198
0,197
0,196
0,195
0,194
0,193
0,192
0,63
0,62
0,61
0,60
0,59
0,316
0,56
0,55
0,54
0,53
0,52
0,315
0,50
0,313
0,49
0,312
0,48
0,314
0,47
0,46
0,45
22,34
22,33
22,32
22,31
22,30
22,29
22,28
22,27
22,26
22,25
22,24
22,23
22,22
22,21
22,20
22,19
22,18
22,17
22,16
22,15
22,14
22,13
22,12
22,11
22,10
22,9
22,8
22,7
22,6
22,5
22,4
22,3
0,6
0,58
0,243
0,57
0,288
0,286
14,3
0,285
13,3
0,272
0,271
23,4
23,3
23,2
0,12
0,11
0,275
0,276
0,10
0,284
0,8
23,1
23,0
0,7
0,51
0,540
10,303
0,539
10,302
10,301
0,538
10,300
0,537
10,299
0,536
10,298
10,297
11,28
0,535
10,296
0,534
10,295
8,17
10,294
0,533
10,293
0,532
10,292
10,291
0,531
10,290
0,530
10,289
10,288
0,529
10,287
0,528
10,286
11,27
0,527
10,285
10,284
0,526
10,283
0,525
10,282
10,281
0,524
10,280
0,523
10,279
10,278
0,522
10,277
0,521
